rank: 0 0.999742 0.16291 0.282618 0.947201 0.231657 0.484974 0.957477 0.744305 0.540044 0.739953 
rank: 1 0.417022 0.997185 0.720324 0.932557 0.000114381 0.128124 0.302333 0.999041 0.146756 0.236089 
rank: 2 0.435995 0.185082 0.0259262 0.931541 0.549662 0.947731 0.435322 0.484749 0.420368 0.320536 
rank: 3 0.550798 0.0707249 0.708148 0.839949 0.290905 0.121329 0.510828 0.569311 0.892947 0.437062 
